$full_llk
[1] -105025.9

$mixture_prop
[1] 0.9985806085 0.0008671854 0.0004322908 0.0001199153

$assignments
   [1] 1 1 1 1 1 1 1 1 1 1 1 1 1 1 1 1 1 1 1 1 1 1 1 1 1 1 1 1 1 1 1 1 1 1 1 1 1 1 1 1 1 1 1 1 1 1 1 1 1 1
  [51] 1 1 1 1 1 1 1 1 1 1 1 1 1 1 1 1 1 1 1 1 1 1 1 1 1 1 1 1 1 1 1 1 1 1 1 1 1 1 1 1 1 1 1 1 1 1 1 1 1 1
 [101] 1 1 1 1 1 1 1 1 1 1 1 1 1 1 1 1 1 1 1 1 1 1 1 1 1 1 1 1 1 1 1 1 1 1 1 1 1 1 1 1 1 1 1 1 1 1 1 1 1 1
 [151] 1 1 1 1 1 1 1 1 1 1 1 1 1 1 1 1 1 1 1 1 1 1 1 1 1 1 1 1 1 1 1 1 1 1 1 1 1 1 1 1 1 1 1 1 1 1 1 1 1 1
 [201] 1 1 1 1 1 1 1 1 1 1 1 1 1 1 1 1 1 1 1 1 1 1 1 1 1 1 1 1 1 1 1 1 1 1 1 1 1 1 1 1 1 1 1 1 1 1 1 1 1 1
 [251] 1 1 1 1 1 1 1 1 1 1 1 1 1 1 1 1 1 1 1 1 1 1 1 1 1 1 1 1 1 1 1 1 1 1 1 1 1 1 1 1 1 1 1 1 1 1 1 1 1 1
 [301] 1 1 1 1 1 1 1 1 1 1 1 1 1 1 1 1 1 1 1 1 1 1 1 1 1 1 1 1 1 1 1 1 1 1 1 1 1 1 1 1 1 1 1 1 1 1 1 1 1 1
 [351] 1 1 1 1 1 1 1 1 1 1 1 1 1 1 1 1 1 1 1 1 1 1 1 1 1 1 1 1 1 1 1 1 1 1 1 1 1 1 1 1 1 1 1 1 1 1 1 1 1 1
 [401] 1 1 1 1 1 1 1 1 1 1 1 1 1 1 1 1 1 1 1 1 1 1 1 1 1 1 1 1 1 1 1 1 1 1 1 1 1 1 1 1 1 1 1 1 1 1 1 1 1 1
 [451] 1 1 1 1 1 1 1 1 1 1 1 1 1 1 1 1 1 1 1 1 1 1 1 1 1 1 1 1 1 1 1 1 1 1 1 1 1 1 1 1 1 1 1 1 1 1 1 1 1 1
 [501] 1 1 1 1 1 1 1 1 1 1 1 1 1 1 1 1 1 1 1 1 1 1 1 1 1 1 1 1 1 1 1 1 1 1 1 1 1 1 1 1 1 1 1 1 1 1 1 1 1 1
 [551] 1 1 1 1 1 1 1 1 1 1 1 1 1 1 1 1 1 1 1 1 1 1 1 1 1 1 1 1 1 1 1 1 1 1 1 1 1 1 1 1 1 1 1 1 1 1 1 1 1 1
 [601] 1 1 1 1 1 1 1 1 1 1 1 1 1 1 1 1 1 1 1 1 1 1 1 1 1 1 1 1 1 1 1 1 1 1 1 1 1 1 1 1 1 1 1 1 1 1 1 1 1 1
 [651] 1 1 1 1 1 1 1 1 1 1 1 1 1 1 1 1 1 1 1 1 1 1 1 1 1 1 1 1 1 1 1 1 1 1 1 1 1 1 1 1 1 1 1 1 1 1 1 1 1 1
 [701] 1 1 1 1 1 1 1 1 1 1 1 2 2 1 1 1 1 1 1 1 1 1 1 1 1 1 1 1 1 1 1 1 1 1 1 1 1 1 1 1 1 1 1 1 1 1 1 1 1 1
 [751] 1 1 1 1 1 1 1 1 1 1 1 1 1 1 1 1 1 1 1 1 1 1 1 1 1 1 1 1 1 1 1 1 1 1 1 1 1 1 1 1 1 1 1 1 1 1 1 1 1 1
 [801] 1 1 1 1 1 1 1 1 1 1 1 1 1 1 1 1 1 1 1 1 1 1 1 1 1 1 1 1 1 1 1 1 1 1 1 1 1 1 1 1 1 1 1 1 1 1 1 1 1 1
 [851] 1 1 1 1 1 1 1 1 1 1 1 1 1 1 1 1 1 1 1 1 1 1 1 1 1 1 1 1 1 1 1 1 1 1 1 1 1 1 1 1 1 1 1 1 1 1 1 1 1 1
 [901] 1 1 1 1 1 1 1 1 1 1 1 1 1 1 1 1 1 1 1 1 1 1 1 1 1 1 1 1 1 1 1 1 1 1 1 1 1 1 1 1 1 1 1 1 1 1 1 1 1 1
 [951] 1 1 1 1 1 1 1 1 1 1 1 1 1 1 1 1 1 1 1 1 1 1 1 1 1 1 1 1 1 1 1 1 1 1 1 1 1 1 1 1 1 1 1 1 1 1 1 1 1 1
 [ reached getOption("max.print") -- omitted 1525 entries ]

$logistic_coeff
             [,1]          [,2]         [,3]
 [1,] -3.07265400 -4.205072e+00 -3.191836549
 [2,]  0.02358981 -8.614041e-05 -0.006245531
 [3,] -0.02120371  1.583547e-03  0.009436288
 [4,] -0.07404817 -4.536735e-02 -0.081287630
 [5,]  4.68588217  2.330747e+00  0.286923187
 [6,]  3.40614978  1.060640e+01  6.975338030
 [7,]  0.09292953  2.604665e-01  3.994878856
 [8,]  0.16258949  8.310476e-02  0.172927835
 [9,]  0.06864986  8.044850e-03 -0.011661949
[10,]  0.21016816  2.132109e-01  0.245925433

$haplotypes
     [,1] [,2] [,3] [,4] [,5] [,6] [,7] [,8] [,9] [,10] [,11] [,12] [,13] [,14] [,15] [,16] [,17] [,18]
[1,]    0    2    1    1    2    1    1    2    2     2     3     0     0     2     3     3     1     0
[2,]    0    2    1    1    2    1    1    2    2     2     3     0     0     2     3     3     1     0
     [,19] [,20] [,21] [,22] [,23] [,24] [,25] [,26] [,27] [,28] [,29] [,30] [,31] [,32] [,33] [,34]
[1,]     0     3     3     3     3     3     1     2     2     2     2     2     3     3     0     1
[2,]     0     3     3     3     3     3     1     2     2     2     2     2     3     3     0     1
     [,35] [,36] [,37] [,38] [,39] [,40] [,41] [,42] [,43] [,44] [,45] [,46] [,47] [,48] [,49] [,50]
[1,]     1     0     2     0     3     2     0     2     2     0     3     0     0     2     0     3
[2,]     1     0     2     0     3     2     0     2     2     0     3     0     0     2     0     3
     [,51] [,52] [,53] [,54] [,55] [,56] [,57] [,58] [,59] [,60] [,61] [,62] [,63] [,64] [,65] [,66]
[1,]     0     0     3     0     0     0     0     3     0     2     3     1     0     3     2     3
[2,]     0     0     3     0     0     0     0     3     0     2     3     1     0     3     2     3
     [,67] [,68] [,69] [,70] [,71] [,72] [,73] [,74] [,75] [,76] [,77] [,78] [,79] [,80] [,81] [,82]
[1,]     2     1     2     3     0     2     0     2     2     3     2     0     0     2     3     3
[2,]     2     1     2     3     0     2     0     2     2     2     0     0     2     3     3     3
     [,83] [,84] [,85] [,86] [,87] [,88] [,89] [,90] [,91] [,92] [,93] [,94] [,95] [,96] [,97] [,98]
[1,]     3     1     1     2     0     0     3     1     1     1     0     0     2     0     2     2
[2,]     3     1     1     0     0     0     3     1     1     1     0     0     2     0     2     2
     [,99] [,100] [,101] [,102] [,103] [,104] [,105] [,106] [,107] [,108] [,109] [,110] [,111] [,112]
[1,]     0      0      0      2      2      0      0      2      2      2      3      3      0      0
[2,]     0      0      0      2      0      0      0      2      2      2      3      3      0      0
     [,113] [,114] [,115] [,116] [,117] [,118] [,119] [,120] [,121] [,122] [,123] [,124] [,125] [,126]
[1,]      3      1      2      2      0      0      1      1      1      3      3      1      1      1
[2,]      1      1      2      2      0      0      1      1      1      3      3      0      1      1
     [,127] [,128] [,129] [,130] [,131] [,132] [,133] [,134] [,135] [,136] [,137] [,138] [,139] [,140]
[1,]      0      0      1      1      1      3      3      1      1      1      0      0      1      1
[2,]      0      0      1      1      1      3      3      1      1      1      0      0      1      1
     [,141] [,142] [,143] [,144] [,145] [,146] [,147] [,148] [,149] [,150] [,151] [,152] [,153] [,154]
[1,]      1      0      3      1      1      0      0      2      3      1      2      1      0      2
[2,]      1      0      0      0      1      0      0      2      3      1      2      1      0      2
     [,155] [,156] [,157] [,158] [,159] [,160] [,161] [,162] [,163] [,164] [,165] [,166] [,167] [,168]
[1,]      0      2      3      2      1      0      2      0      2      1      1      0      2      0
[2,]      0      2      3      2      1      0      2      0      2      1      1      0      2      0
     [,169] [,170] [,171] [,172] [,173] [,174] [,175] [,176] [,177] [,178] [,179] [,180] [,181] [,182]
[1,]      0      1      1      0      3      1      1      3      0      0      0      0      1      1
[2,]      0      1      1      0      3      1      1      3      0      0      0      0      1      1
     [,183] [,184] [,185] [,186] [,187] [,188] [,189] [,190] [,191] [,192] [,193] [,194] [,195] [,196]
[1,]      1      2      0      3      1      2      0      1      2      3      2      1      2      2
[2,]      1      2      0      3      1      2      0      1      2      3      2      1      2      2
     [,197] [,198] [,199] [,200] [,201] [,202] [,203] [,204] [,205] [,206] [,207] [,208] [,209] [,210]
[1,]      1      2      3      2      2      1      1      0      2      2      1      1      3      1
[2,]      1      2      3      2      2      1      1      0      2      2      1      1      3      1
     [,211] [,212] [,213] [,214] [,215] [,216] [,217] [,218] [,219] [,220] [,221] [,222] [,223] [,224]
[1,]      1      2      1      0      1      0      1      0      3      0      1      0      1      0
[2,]      1      2      1      0      1      0      1      0      3      0      1      0      1      0
     [,225] [,226] [,227] [,228] [,229] [,230] [,231] [,232] [,233] [,234] [,235] [,236] [,237] [,238]
[1,]      3      3      3      2      0      2      2      3      1      2      0      1      2      2
[2,]      3      3      3      2      0      2      2      3      1      2      0      1      2      2
     [,239] [,240] [,241] [,242] [,243] [,244] [,245] [,246] [,247] [,248] [,249] [,250] [,251] [,252]
[1,]      2      1      2      3      1      3      2      2      1      0      1      2      1      0
[2,]      2      1      2      3      1      3      3      2      1      0      1      2      1      0
     [,253] [,254] [,255] [,256] [,257] [,258] [,259] [,260] [,261] [,262] [,263] [,264] [,265] [,266]
[1,]      0      0      2      1      3      1      2      0      1      0      0      2      0      0
[2,]      0      0      0      1      3      1      2      0      1      0      0      2      0      0
     [,267] [,268] [,269] [,270] [,271] [,272] [,273] [,274] [,275] [,276] [,277] [,278] [,279] [,280]
[1,]      2      0      1      2      1      1      2      1      2      2      2      1      1      0
[2,]      2      0      1      2      1      1      2      1      2      2      2      1      1      0
     [,281] [,282] [,283] [,284] [,285] [,286] [,287] [,288] [,289] [,290] [,291] [,292] [,293] [,294]
[1,]      2      2      2      2      3      0      2      2      2      3      3      0      2      2
[2,]      2      2      2      2      3      0      2      2      2      3      3      0      2      2
     [,295] [,296] [,297] [,298] [,299] [,300] [,301] [,302] [,303] [,304] [,305] [,306] [,307] [,308]
[1,]      1      3      0      2      2      2      2      3      0      1      3      2      2      2
[2,]      1      3      0      2      2      2      2      3      3      1      3      2      2      2
     [,309] [,310] [,311] [,312] [,313] [,314] [,315] [,316] [,317] [,318] [,319] [,320] [,321] [,322]
[1,]      0      3      2      2      2      2      2      1      1      2      0      0      2      0
[2,]      0      3      2      2      2      2      2      2      1      2      0      0      2      0
     [,323] [,324] [,325] [,326] [,327] [,328] [,329] [,330] [,331] [,332] [,333] [,334] [,335] [,336]
[1,]      1      1      0      0      1      2      1      2      2      2      1      2      1      2
[2,]      1      1      0      0      1      2      1      2      2      2      1      2      2      2
     [,337] [,338] [,339] [,340] [,341] [,342] [,343] [,344] [,345] [,346] [,347] [,348] [,349] [,350]
[1,]      2      2      1      1      0      2      2      2      1      0      0      2      2      2
[2,]      2      2      1      1      0      2      2      2      1      0      0      2      2      2
     [,351] [,352] [,353] [,354] [,355] [,356] [,357] [,358] [,359] [,360] [,361] [,362] [,363] [,364]
[1,]      2      2      3      2      2      1      3      1      0      3      2      2      2      2
[2,]      2      2      3      2      2      1      3      1      0      3      2      2      2      2
     [,365] [,366] [,367] [,368] [,369] [,370] [,371] [,372] [,373] [,374] [,375] [,376] [,377] [,378]
[1,]      0      3      1      0      3      1      2      1      2      2      3      0      2      2
[2,]      0      3      1      0      3      1      2      1      2      2      3      0      2      2
     [,379] [,380] [,381] [,382] [,383] [,384] [,385] [,386] [,387] [,388] [,389] [,390] [,391] [,392]
[1,]      1      1      0      1      0      0      0      0      1      1      1      2      0      3
[2,]      1      1      0      1      0      0      0      0      1      1      1      2      0      3
     [,393] [,394] [,395] [,396] [,397] [,398] [,399] [,400] [,401] [,402] [,403] [,404] [,405] [,406]
[1,]      1      2      2      1      0      0      1      1      0      2      3      0      3      3
[2,]      1      2      2      1      0      0      1      1      0      2      3      0      3      3
 [ reached getOption("max.print") -- omitted 2 rows ]

